kinematics:
  shoulder:
    x: 0
    y: 0
    z: 0.08924606592151767
    roll: -0
    pitch: 0
    yaw: -9.599812632033605e-06
  upper_arm:
    x: 3.769761293723245e-05
    y: 0
    z: 0
    roll: 1.56986474891237
    pitch: 0
    yaw: -3.676506740728135e-05
  forearm:
    x: -0.4252770375088396
    y: 0
    z: 0
    roll: 0.0001999962678211173
    pitch: 0.001631468527650984
    yaw: 5.672561126902453e-06
  wrist_1:
    x: -0.392472491587293
    y: -0.0011723118566118
    z: 0.1101495670160919
    roll: 0.01064250753039102
    pitch: -0.001827213938593129
    yaw: 5.328042812277872e-05
  wrist_2:
    x: -9.939172536536967e-06
    y: -0.09478275300061875
    z: 0.0001792110474507318
    roll: 1.568905573169153
    pitch: 0
    yaw: -8.494999498112588e-05
  wrist_3:
    x: 8.27602237549361e-05
    y: 0.08245322710858261
    z: 0.0001342758840654032
    roll: 1.572424835102848
    pitch: 3.141592653589793
    yaw: -3.141552796397472
  hash: calib_2230973986115902663