kinematics:
  shoulder:
    x: 0
    y: 0
    z: 0.08925637533565291
    roll: -0
    pitch: 0
    yaw: 6.672905380068414e-05
  upper_arm:
    x: 4.776310562474969e-05
    y: 0
    z: 0
    roll: 1.570550561434018
    pitch: 0
    yaw: -2.76483151856218e-05
  forearm:
    x: -0.425221256565937
    y: 0
    z: 0
    roll: 0.0007687790297880874
    pitch: 0.001199173028686687
    yaw: -2.612174857917331e-05
  wrist_1:
    x: -0.3920487911287833
    y: 0.0007473086477966879
    z: 0.110179442544271
    roll: 3.134810107127034
    pitch: -3.14087089808453
    yaw: 3.141548491778272
  wrist_2:
    x: 5.070127078783131e-05
    y: -0.09477007451983689
    z: 0.0001015868040801889
    roll: 1.569724398069652
    pitch: 0
    yaw: -3.711781233171895e-07
  wrist_3:
    x: 0.0001373548560285645
    y: 0.08237672229198123
    z: 8.487831903490227e-05
    roll: 1.571826694192823
    pitch: 3.141592653589793
    yaw: -3.141502531363787
  hash: calib_6547323151077427556